(440963134,1143)
(28123862,1194)
(17092592,1084)
(131601987,1346)
(25026165,1048)
(14654965,2096)
(103598216,1161)
(57986173,1140)
(229039814,1350)
(124528830,1169)
(208132323,1068)
(31331740,3575)
(121258930,1250)
(56860418,1322)
(276706356,1694)
(317076339,1232)
(280935165,1685)
(50393960,1127)
(31353077,2135)
(164880154,1055)
(302847930,1182)
(19493072,1467)
(79797834,1702)
(16112634,1219)
(29514951,1272)
(22462180,7546)
(16580226,1239)
(8470732,1033)
(117674417,2815)
(24585498,1400)
(30313925,1736)
(82030021,1618)
(59804598,2018)
(22027186,1010)
(146155608,1066)
(26281970,1763)
(48485771,2675)
(47787563,1537)
(116952434,1772)
(12925072,1002)
(195475105,2029)
(4620451,1045)
(14269220,1020)
(461410856,1106)
(3359851,3905)
(187773078,1730)
(9451052,1184)
(88323281,2315)
(14498387,1164)
(90779436,1095)
(22679419,1369)
(15924858,1195)
(21436960,1341)
(262340283,1006)
(65913144,1827)
(7872262,1536)
(22705686,1047)
(46209291,1028)
(3829151,1313)
(21681252,1447)
(14075928,1502)
(22784458,2927)
(87764480,1260)
(17868918,2862)
(157829215,1296)
(20397258,1104)
(96848570,1254)
(15853668,2588)
(144040563,1297)
(40981798,8569)
(314316607,1459)
(18776017,2301)
(121533789,1643)
(428333,1393)
(18753000,1194)
(46423291,1459)
(19040580,1512)
(290097288,1168)
(62581962,1342)
(19802879,1448)
(24641194,1236)
(270449528,1989)
(284422688,1492)
(90420314,2168)
(14230524,1423)
(34068984,2645)
(28149277,1245)
(158419434,1333)
(100318079,2153)
(173732041,1364)
(16098603,2355)
(14824849,1154)
(18927441,2607)
(43166813,1060)
(15234657,1700)
(7861312,3612)
(24742040,1839)
(263838766,2277)
(19725644,1377)
(27633075,3607)
(238260874,2518)
(187744415,1057)
(14922225,1490)
(813286,3086)
(35722372,1157)
(18996905,3208)
(26929220,1505)
(115485051,4691)
(972651,1548)
(19358562,1893)
(149538028,1377)
(93905958,1469)
(816653,1025)
(307458983,1164)
(206923844,1042)
(17093617,1353)
(274153775,1293)
(204140367,1499)
(123371682,1313)
(18742444,1585)
(225784456,1055)
(657863,1274)
(309366491,2234)
(28465635,1621)
(43933017,1112)
(18393773,1069)
(783214,1487)
(18713254,1226)
(25521487,1185)
(15439395,1354)
(10671602,2793)
(17759701,1294)
(27855118,1634)
(43003845,7621)
(15661871,1055)
(24004172,1117)
(16303106,1956)
(15485441,1215)
(111164068,1166)
(8088112,2501)
(16464746,2375)
(11928542,1412)
(15913,4247)
(24942585,1010)
(34428380,7481)
(17224642,1371)
(215785630,1287)
(139162440,1120)
(47785747,1040)
(16475194,1684)
(1183041,2522)
(151338729,1952)
(196680777,1314)
(45416789,1204)
(5442012,1733)
(254839786,1577)
(116036694,2205)
(153226312,1356)
(104209445,1101)
(18666844,1149)
(15222083,1211)
(259842341,1371)
(73019162,1045)
(204317520,1650)
(172883064,1017)
(11348282,3785)
(69592091,1641)
(83943787,2641)
(63485337,2029)
(133055665,2305)
(47161442,1351)
(112939321,1160)
(2367911,1375)
(10350,2023)
(42361118,1055)
(7860742,3138)
(294198566,1207)
